function [Imotor] = PoP_motor42(Tmotor, Wmotor, Vmotor)
rps2rpm = 30/pi;
Jmotor = 0.0226;
Mmotor = 56.75;
Mgen = 32.70;
motor_description='PRIUS_JPN 50-kW permanent magnet motor/controller';
motor_eff = 0.95*[...
    0.2000,0.2000,0.2000,0.2000,0.2000,0.2000,0.2000,0.2000,0.2000,0.2000,0.2000,0.2000,0.2000,0.2000,0.2000,0.2000,0.2000,0.2000,0.2000,0.2000,0.2000,0.2000,0.2000,0.2000,0.2000,0.2000,0.2000,0.2000,0.2000,0.2000,0.2000,0.2000,0.2000,0.2000,0.2000,0.2000,0.2000,0.2000,0.2000,0.2000,0.2000;...
    0.4600,0.5400,0.5800,0.6000,0.6000,0.6000,0.6100,0.6350,0.6500,0.6600,0.6800,0.6950,0.7000,0.7100,0.7200,0.7200,0.7200,0.7100,0.6800,0.6000,0.4000,0.6000,0.6800,0.7100,0.7200,0.7200,0.7200,0.7100,0.7000,0.6950,0.6800,0.6600,0.6500,0.6350,0.6100,0.6000,0.6000,0.6000,0.5800,0.5400,0.4600;...
    0.6500,0.6600,0.7000,0.7200,0.7420,0.7500,0.7650,0.7800,0.7860,0.8000,0.8040,0.8200,0.8250,0.8270,0.8270,0.8250,0.8220,0.8150,0.7850,0.7200,0.5000,0.7200,0.7850,0.8150,0.8220,0.8250,0.8270,0.8270,0.8250,0.8200,0.8040,0.8000,0.7860,0.7800,0.7650,0.7500,0.7420,0.7200,0.7000,0.6600,0.6500;...
    0.7350,0.7400,0.7690,0.7800,0.7980,0.8090,0.8210,0.8270,0.8400,0.8430,0.8500,0.8550,0.8540,0.8630,0.8650,0.8640,0.8580,0.8480,0.8200,0.7680,0.5300,0.7680,0.8200,0.8480,0.8580,0.8640,0.8650,0.8630,0.8540,0.8550,0.8500,0.8430,0.8400,0.8270,0.8210,0.8090,0.7980,0.7800,0.7690,0.7400,0.7350;...
    0.7940,0.7940,0.8110,0.8200,0.8400,0.8500,0.8690,0.8670,0.8770,0.8780,0.8820,0.8830,0.8810,0.8870,0.8880,0.8860,0.8820,0.8720,0.8590,0.8000,0.6200,0.8000,0.8590,0.8720,0.8820,0.8860,0.8880,0.8870,0.8810,0.8830,0.8820,0.8780,0.8770,0.8670,0.8690,0.8500,0.8400,0.8200,0.8110,0.7940,0.7940;...
    0.8460,0.8460,0.8500,0.8560,0.8680,0.8760,0.8830,0.8880,0.8940,0.8970,0.9010,0.9040,0.9020,0.9070,0.9060,0.9040,0.8960,0.8830,0.8610,0.8100,0.6400,0.8100,0.8610,0.8830,0.8960,0.9040,0.9060,0.9070,0.9020,0.9040,0.9010,0.8970,0.8940,0.8880,0.8830,0.8760,0.8680,0.8560,0.8500,0.8460,0.8460;...
    0.8860,0.8860,0.8860,0.8860,0.8920,0.8970,0.9010,0.9070,0.9080,0.9140,0.9170,0.9200,0.9230,0.9210,0.9180,0.9150,0.9080,0.8970,0.8720,0.8220,0.7000,0.8220,0.8720,0.8970,0.9080,0.9150,0.9180,0.9210,0.9230,0.9200,0.9170,0.9140,0.9080,0.9070,0.9010,0.8970,0.8920,0.8860,0.8860,0.8860,0.8860;...
    0.9130,0.9130,0.9130,0.9130,0.9130,0.9130,0.9120,0.9170,0.9210,0.9270,0.9300,0.9310,0.9310,0.9300,0.9270,0.9240,0.9160,0.9050,0.8800,0.8400,0.7200,0.8400,0.8800,0.9050,0.9160,0.9240,0.9270,0.9300,0.9310,0.9310,0.9300,0.9270,0.9210,0.9170,0.9120,0.9130,0.9130,0.9130,0.9130,0.9130,0.9130;...
    0.9220,0.9220,0.9220,0.9220,0.9220,0.9220,0.9220,0.9260,0.9320,0.9350,0.9400,0.9400,0.9400,0.9380,0.9360,0.9320,0.9250,0.9120,0.8860,0.8420,0.7500,0.8420,0.8860,0.9120,0.9250,0.9320,0.9360,0.9380,0.9400,0.9400,0.9400,0.9350,0.9320,0.9260,0.9220,0.9220,0.9220,0.9220,0.9220,0.9220,0.9220;...
    0.9380,0.9380,0.9380,0.9380,0.9380,0.9380,0.9380,0.9380,0.9380,0.9410,0.9440,0.9460,0.9470,0.9480,0.9460,0.9430,0.9360,0.9210,0.9000,0.8590,0.6800,0.8590,0.9000,0.9210,0.9360,0.9430,0.9460,0.9480,0.9470,0.9460,0.9440,0.9410,0.9380,0.9380,0.9380,0.9380,0.9380,0.9380,0.9380,0.9380,0.9380;...
    0.9460,0.9460,0.9460,0.9460,0.9460,0.9460,0.9460,0.9460,0.9460,0.9460,0.9460,0.9480,0.9510,0.9520,0.9510,0.9500,0.9470,0.9310,0.9090,0.8520,0.5800,0.8520,0.9090,0.9310,0.9470,0.9500,0.9510,0.9520,0.9510,0.9480,0.9460,0.9460,0.9460,0.9460,0.9460,0.9460,0.9460,0.9460,0.9460,0.9460,0.9460;...
    0.9400,0.9400,0.9400,0.9400,0.9400,0.9400,0.9400,0.9400,0.9400,0.9400,0.9400,0.9400,0.9400,0.9450,0.9510,0.9520,0.9480,0.9380,0.9100,0.8600,0.5700,0.8600,0.9100,0.9380,0.9480,0.9520,0.9510,0.9450,0.9400,0.9400,0.9400,0.9400,0.9400,0.9400,0.9400,0.9400,0.9400,0.9400,0.9400,0.9400,0.9400;...
    0.9380,0.9380,0.9380,0.9380,0.9380,0.9380,0.9380,0.9380,0.9380,0.9380,0.9380,0.9380,0.9380,0.9450,0.9510,0.9530,0.9480,0.9400,0.9100,0.8500,0.5400,0.8500,0.9100,0.9400,0.9480,0.9530,0.9510,0.9450,0.9380,0.9380,0.9380,0.9380,0.9380,0.9380,0.9380,0.9380,0.9380,0.9380,0.9380,0.9380,0.9380;...
    0.9430,0.9430,0.9430,0.9430,0.9430,0.9430,0.9430,0.9430,0.9430,0.9430,0.9430,0.9430,0.9430,0.9430,0.9470,0.9530,0.9500,0.9410,0.9200,0.8700,0.5800,0.8700,0.9200,0.9410,0.9500,0.9530,0.9470,0.9430,0.9430,0.9430,0.9430,0.9430,0.9430,0.9430,0.9430,0.9430,0.9430,0.9430,0.9430,0.9430,0.9430;...
    0.9450,0.9450,0.9450,0.9450,0.9450,0.9450,0.9450,0.9450,0.9450,0.9450,0.9450,0.9450,0.9450,0.9450,0.9450,0.9500,0.9500,0.9430,0.9250,0.8820,0.6000,0.8820,0.9250,0.9430,0.9500,0.9500,0.9450,0.9450,0.9450,0.9450,0.9450,0.9450,0.9450,0.9450,0.9450,0.9450,0.9450,0.9450,0.9450,0.9450,0.9450;...
    0.9450,0.9450,0.9450,0.9450,0.9450,0.9450,0.9450,0.9450,0.9450,0.9450,0.9450,0.9450,0.9450,0.9450,0.9450,0.9450,0.9460,0.9400,0.9210,0.8820,0.5600,0.8820,0.9210,0.9400,0.9460,0.9450,0.9450,0.9450,0.9450,0.9450,0.9450,0.9450,0.9450,0.9450,0.9450,0.9450,0.9450,0.9450,0.9450,0.9450,0.9450;...
    0.9400,0.9400,0.9400,0.9400,0.9400,0.9400,0.9400,0.9400,0.9400,0.9400,0.9400,0.9400,0.9400,0.9400,0.9400,0.9400,0.9430,0.9380,0.9200,0.8800,0.5400,0.8800,0.9200,0.9380,0.9430,0.9400,0.9400,0.9400,0.9400,0.9400,0.9400,0.9400,0.9400,0.9400,0.9400,0.9400,0.9400,0.9400,0.9400,0.9400,0.9400;...
    0.9370,0.9370,0.9370,0.9370,0.9370,0.9370,0.9370,0.9370,0.9370,0.9370,0.9370,0.9370,0.9370,0.9370,0.9370,0.9370,0.9390,0.9340,0.9170,0.8800,0.5400,0.8800,0.9170,0.9340,0.9390,0.9370,0.9370,0.9370,0.9370,0.9370,0.9370,0.9370,0.9370,0.9370,0.9370,0.9370,0.9370,0.9370,0.9370,0.9370,0.9370;...
    0.9350,0.9350,0.9350,0.9350,0.9350,0.9350,0.9350,0.9350,0.9350,0.9350,0.9350,0.9350,0.9350,0.9350,0.9350,0.9350,0.9360,0.9320,0.9140,0.8800,0.5600,0.8800,0.9140,0.9320,0.9360,0.9350,0.9350,0.9350,0.9350,0.9350,0.9350,0.9350,0.9350,0.9350,0.9350,0.9350,0.9350,0.9350,0.9350,0.9350,0.9350;...
    0.9350,0.9350,0.9350,0.9350,0.9350,0.9350,0.9350,0.9350,0.9350,0.9350,0.9350,0.9350,0.9350,0.9350,0.9350,0.9350,0.9350,0.9330,0.9200,0.8820,0.6400,0.8820,0.9200,0.9330,0.9350,0.9350,0.9350,0.9350,0.9350,0.9350,0.9350,0.9350,0.9350,0.9350,0.9350,0.9350,0.9350,0.9350,0.9350,0.9350,0.9350;...
    0.9300,0.9300,0.9300,0.9300,0.9300,0.9300,0.9300,0.9300,0.9300,0.9300,0.9300,0.9300,0.9300,0.9300,0.9300,0.9300,0.9300,0.9330,0.9210,0.8830,0.7000,0.8830,0.9210,0.9330,0.9300,0.9300,0.9300,0.9300,0.9300,0.9300,0.9300,0.9300,0.9300,0.9300,0.9300,0.9300,0.9300,0.9300,0.9300,0.9300,0.9300;...
    0.9270,0.9270,0.9270,0.9270,0.9270,0.9270,0.9270,0.9270,0.9270,0.9270,0.9270,0.9270,0.9270,0.9270,0.9270,0.9270,0.9270,0.9290,0.9190,0.8800,0.7200,0.8800,0.9190,0.9290,0.9270,0.9270,0.9270,0.9270,0.9270,0.9270,0.9270,0.9270,0.9270,0.9270,0.9270,0.9270,0.9270,0.9270,0.9270,0.9270,0.9270;...
    0.9260,0.9260,0.9260,0.9260,0.9260,0.9260,0.9260,0.9260,0.9260,0.9260,0.9260,0.9260,0.9260,0.9260,0.9260,0.9260,0.9260,0.9260,0.9160,0.8700,0.7000,0.8700,0.9160,0.9260,0.9260,0.9260,0.9260,0.9260,0.9260,0.9260,0.9260,0.9260,0.9260,0.9260,0.9260,0.9260,0.9260,0.9260,0.9260,0.9260,0.9260;...
    0.9230,0.9230,0.9230,0.9230,0.9230,0.9230,0.9230,0.9230,0.9230,0.9230,0.9230,0.9230,0.9230,0.9230,0.9230,0.9230,0.9230,0.9230,0.9100,0.8640,0.6800,0.8640,0.9100,0.9230,0.9230,0.9230,0.9230,0.9230,0.9230,0.9230,0.9230,0.9230,0.9230,0.9230,0.9230,0.9230,0.9230,0.9230,0.9230,0.9230,0.9230;...
    0.9220,0.9220,0.9220,0.9220,0.9220,0.9220,0.9220,0.9220,0.9220,0.9220,0.9220,0.9220,0.9220,0.9220,0.9220,0.9220,0.9220,0.9220,0.9000,0.8400,0.6400,0.8400,0.9000,0.9220,0.9220,0.9220,0.9220,0.9220,0.9220,0.9220,0.9220,0.9220,0.9220,0.9220,0.9220,0.9220,0.9220,0.9220,0.9220,0.9220,0.9220];
% % Motor Data Files
y1_tmax = [200,200,200,200,190, 154.6,[186,161,142,122,103,90,77.5,70,63.5,58,52,49,45,43,40,37.5,34.3,32.9,31.8]*42/60];
