function FC = PoP_engine(Weng, Teng)
    rps2rpm = 30/pi;
    deisel_density = 840;   % Diesel fuel density [g/L];
    L2gallon = 0.2642;      % liter->gallon
    eng_description='Prius_jpn 1.5L (43kW) from FA model and ANL test data';
    % Engine Parameters
    y1_fc = [0 0 0.554 0.228 0.138 0.132 0.157 0.19 0.223 0.253 0.281 0.307 0.335 0.365 0.401 0.445 0.499 0.565 0.646 0.742 0.857;% zero engine speed
             0 0 0.654 0.328 0.238 0.232 0.257 0.29 0.323 0.353 0.381 0.407 0.435 0.465 0.501 0.545 0.599 0.665 0.746 0.842 0.957;% idle speed
             0 0 0.667 0.342 0.253 0.249 0.275 0.309 0.343 0.375 0.404 0.432 0.46 0.492 0.53 0.575 0.63 0.697 0.779 0.877 0.993;
             0 0 0.679 0.355 0.268 0.265 0.292 0.327 0.363 0.396 0.426 0.455 0.485 0.518 0.557 0.603 0.659 0.728 0.811 0.91 1.03;
             0 0 0.691 0.368 0.282 0.28 0.308 0.345 0.382 0.416 0.447 0.477 0.509 0.543 0.583 0.63 0.688 0.758 0.842 0.942 1.06;
             0 0 0.701 0.38 0.295 0.294 0.324 0.362 0.4 0.435 0.468 0.499 0.531 0.567 0.608 0.657 0.716 0.787 0.872 0.974 1.09;
             0 0 0.711 0.391 0.307 0.308 0.342 0.38 0.418 0.451 0.483 0.515 0.554 0.59 0.632 0.682 0.742 0.815 0.901 1 1.12;
             0 0 0.721 0.402 0.32 0.321 0.359 0.397 0.436 0.474 0.506 0.538 0.58 0.622 0.656 0.707 0.769 0.842 0.93 1.03 1.16;
             0 0 0.731 0.413 0.331 0.334 0.371 0.413 0.453 0.492 0.528 0.559 0.598 0.649 0.68 0.732 0.794 0.869 0.958 1.06 1.19;
             0 0 0.74 0.423 0.343 0.347 0.383 0.425 0.466 0.508 0.548 0.579 0.617 0.668 0.717 0.756 0.82 0.895 0.985 1.09 1.22;
             0 0 0.749 0.433 0.354 0.359 0.395 0.437 0.478 0.52 0.561 0.597 0.636 0.687 0.738 0.78 0.844 0.921 1.01 1.12 1.25;
             0 0 0.758 0.443 0.366 0.372 0.407 0.448 0.49 0.532 0.577 0.611 0.656 0.708 0.76 0.803 0.869 0.947 1.04 1.15 1.27;
             0 0 0.767 0.453 0.377 0.384 0.419 0.46 0.502 0.546 0.594 0.628 0.676 0.728 0.781 0.832 0.893 0.972 1.07 1.18 1.3;
             0 0 0.776 0.464 0.388 0.396 0.43 0.472 0.516 0.563 0.611 0.648 0.697 0.747 0.8 0.852 0.917 0.997 1.09 1.2 1.33;
             0 0 0.785 0.474 0.399 0.409 0.442 0.485 0.533 0.581 0.628 0.669 0.718 0.767 0.819 0.87 0.941 1.02 1.12 1.23 1.36;
             0 0 0.795 0.484 0.411 0.421 0.455 0.503 0.55 0.598 0.645 0.69 0.738 0.787 0.838 0.89 0.97 1.05 1.14 1.26 1.39;
             0 0 0.804 0.495 0.422 0.424 0.472 0.52 0.567 0.615 0.663 0.712 0.763 0.813 0.864 0.918 0.982 1.07 1.17 1.28 1.41;
             0 0 0.814 0.506 0.434 0.446 0.492 0.54 0.588 0.635 0.684 0.738 0.793 0.847 0.901 0.952 1.02 1.1 1.19 1.31 1.44;
             0 0 0.824 0.517 0.446 0.459 0.523 0.56 0.608 0.655 0.705 0.759 0.813 0.868 0.922 0.978 1.05 1.14 1.22 1.34 1.47;
             0 0 0.834 0.528 0.458 0.473 0.568 0.582 0.628 0.676 0.725 0.78 0.834 0.888 0.945 1 1.07 1.16 1.25 1.36 1.5;
             0 0 0.845 0.54 0.471 0.486 0.532 0.624 0.648 0.696 0.746 0.8 0.855 0.911 0.969 1.03 1.09 1.18 1.27 1.39 1.52;
             0 0 0.856 0.552 0.484 0.5 0.546 0.667 0.682 0.716 0.767 0.821 0.878 0.936 0.994 1.05 1.11 1.2 1.3 1.42 1.55;
             0 0 0.868 0.564 0.497 0.514 0.561 0.721 0.725 0.74 0.787 0.845 0.903 0.961 1.02 1.08 1.13 1.22 1.32 1.44 1.58;
             0 0 0.88 0.577 0.511 0.529 0.577 0.633 0.768 0.783 0.81 0.869 0.927 0.985 1.04 1.1 1.16 1.25 1.35 1.47 1.61;
             0 0 0.892 0.59 0.525 0.544 0.592 0.65 0.81 0.826 0.844 0.89 0.949 1.01 1.07 1.13 1.18 1.27 1.38 1.5 1.64;
             0 0 0.905 0.603 0.539 0.559 0.609 0.667 0.873 0.868 0.884 0.924 0.969 1.03 1.09 1.15 1.21 1.29 1.4 1.52 1.66;
             0 0 0.918 0.618 0.554 0.575 0.625 0.684 0.743 0.911 0.927 0.96 1 1.05 1.11 1.17 1.23 1.31 1.43 1.55 1.69;
             0 0 0.932 0.632 0.569 0.591 0.642 0.702 0.762 0.954 0.969 0.993 1.04 1.08 1.13 1.19 1.26 1.35 1.45 1.58 1.72;
             0 0 0.946 0.647 0.585 0.607 0.66 0.72 0.781 1.02 1.01 1.03 1.08 1.12 1.15 1.21 1.3 1.39 1.47 1.61 1.75;
             0 0 0.961 0.663 0.602 0.625 0.678 0.739 0.8 0.859 1.05 1.07 1.11 1.16 1.19 1.24 1.33 1.42 1.5 1.63 1.78;
             0 0 0.976 0.679 0.619 0.642 0.696 0.758 0.82 0.88 1.1 1.11 1.14 1.19 1.23 1.27 1.35 1.44 1.53 1.66 1.81;
             0 0 0.992 0.696 0.636 0.66 0.715 0.778 0.841 0.901 1.18 1.16 1.18 1.23 1.27 1.31 1.37 1.46 1.56 1.69 1.83;
             0 0 1.01 0.713 0.654 0.679 0.734 0.798 0.861 0.923 0.981 1.2 1.21 1.26 1.31 1.35 1.4 1.48 1.59 1.72 1.86;
             0 0 1.03 0.731 0.673 0.698 0.754 0.818 0.883 0.945 1 1.24 1.26 1.29 1.34 1.39 1.43 1.51 1.62 1.75 1.89;
             0 0 1.04 0.749 0.692 0.718 0.775 0.84 0.905 0.967 1.03 1.33 1.3 1.33 1.38 1.42 1.47 1.53 1.65 1.78 1.92;
             0 0 1.06 0.768 0.711 0.738 0.796 0.861 0.927 0.99 1.05 1.11 1.34 1.36 1.41 1.46 1.5 1.56 1.68 1.81 1.95;
             0 0 1.08 0.788 0.732 0.759 0.817 0.883 0.95 1.01 1.07 1.13 1.39 1.4 1.44 1.49 1.54 1.58 1.72 1.84 1.98;
             0 0 1.1 0.808 0.753 0.781 0.839 0.906 0.973 1.04 1.1 1.16 1.48 1.44 1.47 1.52 1.57 1.62 1.75 1.87 2.01;
             0 0 1.12 0.829 0.774 0.803 0.862 0.93 0.997 1.06 1.12 1.19 1.25 1.49 1.51 1.56 1.61 1.65 1.78 1.9 2.05;
             0 0 1.14 0.851 0.796 0.826 0.885 0.953 1.02 1.09 1.15 1.21 1.27 1.54 1.54 1.59 1.64 1.69 1.81 1.93 2.08;
             0 0 1.16 0.873 0.819 0.849 0.909 0.978 1.05 1.11 1.18 1.24 1.3 1.63 1.59 1.62 1.67 1.72 1.84 1.96 2.11;
             0 0 1.19 0.896 0.842 0.873 0.934 1 1.07 1.14 1.2 1.27 1.33 1.73 1.63 1.66 1.7 1.76 1.87 1.99 2.14;
             0 0 1.21 0.919 0.867 0.898 0.959 1.03 1.1 1.17 1.23 1.29 1.36 1.42 1.69 1.69 1.74 1.79 1.91 2.02 2.17;
             0 0 1.23 0.944 0.891 0.923 0.985 1.05 1.13 1.19 1.26 1.32 1.39 1.45 1.79 1.73 1.77 1.82 1.93 2.07 2.21;
             0 0 1.26 0.969 0.917 0.949 1.01 1.08 1.15 1.22 1.29 1.35 1.42 1.48 1.88 1.77 1.81 1.85 1.96 2.1 2.24;
             0 0 1.28 0.994 0.943 0.976 1.04 1.11 1.18 1.25 1.32 1.38 1.45 1.51 1.59 1.84 1.84 1.89 1.99 2.13 2.27;
             0 0 1.31 1.02 0.97 1 1.07 1.14 1.21 1.28 1.34 1.41 1.48 1.55 1.62 1.94 1.87 1.92 2.02 2.17 2.31;
             0 0 1.34 1.05 0.997 1.03 1.09 1.17 1.24 1.31 1.37 1.44 1.51 1.58 1.65 2.03 1.92 1.96 2.05 2.2 2.34;
             0 0 1.36 1.08 1.03 1.06 1.12 1.2 1.27 1.34 1.41 1.47 1.54 1.61 1.68 1.77 2 1.99 2.09 2.23 2.38;
             0 0 1.39 1.1 1.05 1.09 1.15 1.23 1.3 1.37 1.44 1.5 1.57 1.64 1.72 1.8 2.09 2.02 2.13 2.26 2.41;
             0 0 1.42 1.13 1.08 1.12 1.18 1.26 1.33 1.4 1.47 1.54 1.6 1.67 1.75 1.83 2.19 2.06 2.16 2.3 2.45;
             0 0 1.45 1.16 1.11 1.15 1.21 1.29 1.36 1.43 1.5 1.57 1.64 1.71 1.78 1.87 1.96 2.15 2.2 2.34 2.48;
             0 0 1.48 1.19 1.15 1.18 1.25 1.32 1.39 1.47 1.53 1.6 1.67 1.74 1.82 1.9 2 2.24 2.24 2.37 2.52;
             0 0 1.51 1.23 1.18 1.21 1.28 1.35 1.43 1.5 1.57 1.64 1.7 1.78 1.85 1.94 2.03 2.34 2.27 2.41 2.56;
             0 0 1.54 1.26 1.21 1.25 1.31 1.39 1.46 1.53 1.6 1.67 1.74 1.81 1.89 1.97 2.07 2.18 2.31 2.45 2.59;
             0 0 1.58 1.29 1.24 1.28 1.35 1.42 1.5 1.57 1.64 1.71 1.77 1.85 1.92 2.01 2.11 2.21 2.39 2.49 2.63;
             0 0 1.61 1.32 1.28 1.31 1.38 1.45 1.53 1.6 1.67 1.74 1.81 1.88 1.96 2.05 2.14 2.25 2.49 2.52 2.67;
             0 0 1.64 1.36 1.31 1.35 1.42 1.49 1.57 1.64 1.71 1.78 1.85 1.92 2 2.09 2.18 2.29 2.41 2.56 2.71;
             0 0 1.68 1.39 1.35 1.38 1.45 1.53 1.6 1.68 1.75 1.81 1.88 1.96 2.04 2.12 2.22 2.33 2.45 2.6 2.75;
             0 0 1.71 1.43 1.38 1.42 1.49 1.56 1.64 1.71 1.78 1.85 1.92 2 2.07 2.16 2.26 2.37 2.49 2.64 2.79;
             0 0 1.75 1.47 1.42 1.46 1.53 1.6 1.68 1.75 1.82 1.89 1.96 2.03 2.11 2.2 2.3 2.41 2.53 2.67 2.83;
             0 0 1.79 1.5 1.46 1.5 1.56 1.64 1.72 1.79 1.86 1.93 2 2.07 2.15 2.24 2.34 2.45 2.57 2.71 2.87]; %Fuel consumption map [g/s]
